624474    837604
    673412    735362
    647442    677000
    532283    741384
    646529    742844
    647535    755101
    644131    777721
    521368    736923
    688940    798967
    592666    805244
    645068    716248
    666740    707391
    662064    644958
    630628    689662
    623268    774834
    617896    766560
    560260    629298
    595728    703618
    594177    665266
    544862    802997
    512102    686369
    742244    626859
    709853    684304
    662854    764737
    612693    778368
    656011    735274
    644769    750956
    688852    804551
    714271    804144
    695472    794296
    746441    829147
    632975    756806
    679779    842107
    609763    693428
    665375    784377
    783661    772895
    651521    719802
    730159    761390
    708303    692097
    657201    735978
    657676    809387
    636976    735247
    645990    751430
    634257    761114
    638687    658319
    651406    751827
    747619    624316
    623835    729538
    660357    757474
    588712    804321
    568583    699863
    486170    676920
    602196    605901
    642237    745490
    606020    713186
    728084    727247
    554017    771267
    603318    762900
    562936    690153
    617156    717859
    661356    736420
    654515    734666
    637992    730773
    709788    708315
    591399    697019
    683055    858799
    666771    711680
    675192    674079
    760637    769855
    527197    674487
    635082    737943
    723320    815272
    600764    726223
    661916    744296
    671573    696285
    627760    882730
    611273    753851
    581576    715320
    666541    754171
    701026    791071
    667266    731121
    600277    691215
    539874    675119
    607486    706829
    641770    710711
    537085    852184
    717308    804279
    718598    655512
    630612    770576
    570225    842829
    589675    755546
    640027    738368
    664707    722141
    631597    893608
    703403    758482
    616325    730469
    554610    782542
    727303    809509
    603709    757145
    694477    801480