151700 351102
155799 354358
142857 352716
152726 349144
151008 349692
145865 351895
148629 350242
151083 353684
161316 348971
158758 352360
145731 350480
159597 355339
152294 345996
149801 349982
152260 350394
149352 342567
149607 353888
154711 359310
154456 349715
154482 351351
152123 348751
146182 350827
152268 349032
155155 350195
151546 355246
153272 347661
152299 348418
149040 349665
150929 349676
147510 354280
152809 356672
146373 346559
146620 347645
147440 351382
140689 347871
154549 356725
151028 355250
147613 351520
154333 352207
144588 348394
149677 352370
149236 353471
151009 350546
150989 356166
147265 351837
149905 349644